AS209     D    8.69    0.11    4.7    0.2    0.45    0.02
AS209     B    14.2    0.14    8.9    0.2    -1      -1
AS209     D    23.84   0.15    3.4    0.3    0.895   0.013
AS209     B    27.8    0.3     4.7    0.3    -1      -1
AS209     D    35.04   0.18    3.0    0.3    0.97    0.01
AS209     B    38.7    0.3     3.4    0.3    -1      -1
AS209     D    60.8    0.3     15.5   0.3    0.014   0.011
AS209     B    74.15   0.12    9.3    0.3    -1      -1
AS209     D    105.5   0.4     14.7   0.4    0.016   0.009
AS209     B    120.14  0.12    11.2   0.4    -1      -1
AS209     D    137     1       4.2    1.4    0.90    0.07
AS209     B    141     1       2.8    1.4    -1      -1
DoAr25    D    74      5       -1     -1     -1      -1
DoAr25    B    86      5       -1     -1     -1      -1
DoAr25    D    98.0    0.3     15.5   0.5    0.22    0.04
DoAr25    B    111.3   0.4     14.3   0.5    -1      -1
DoAr25    D    125     1       10.0   1.4    0.63    0.05
DoAr25    B    137     1       12.8   1.4    -1      -1
DoAr33    D    9       2       -1     -1     -1      -1
DoAr33    B    17      2       -1     -1     -1      -1
Elias20   D    25.07   0.17    3.5    1.0    0.75    0.03
Elias20   B    29      1       5.2    1.0    -1      -1
Elias20   D    33      1       2.5    1.4    0.95    0.03
Elias20   B    36      1       1.9    1.4    -1      -1
Elias24   D    56.8    0.3     22.8   0.3    0.03    0.01
Elias24   B    76.71   0.13    12.2   0.3    -1      -1
Elias24   D    89      1       -1     -1     -1      -1
Elias24   B    123     1       -1     -1     -1      -1
Elias27   D    69.1    0.4     14.3   1.1    0.73    0.02
Elias27   B    86      1       21.2   1.1    -1      -1
GWLup     D    74.3    0.2     12.1   0.4    0.31    0.03
GWLup     B    85.4    0.3     11.3   0.4    -1      -1
GWLup     D    103     1       4.3    1.4    0.85    0.09
GWLup     B    108     1       5.5    1.4    -1      -1
HD142666  B    6       1       5.3    1.4    -1      -1
HD142666  D    16      1       3.5    1.4    0.73    0.02
HD142666  B    20      1       7.8    1.4    -1      -1
HD142666  D    37      1       -1     -1     0.99    0.02
HD142666  B    40      1       -1     -1     -1      -1
HD142666  D    55      1       2.2    1.4    0.96    0.06
HD142666  B    58      1       2.1    1.4    -1      -1
HD143006  B    6       1       5      1.4    -1      -1
HD143006  D    22      1       21.7   1.0    0.04    0.02
HD143006  B    40.8    0.1     12.2   1.0    -1      -1
HD143006  D    51      1       12.8   1.4    0.53    0.02
HD143006  B    64.9    0.4     11.5   1.4    -1      -1
HD163296  D    10      1       3.2    1.4    0.93    0.03
HD163296  B    14      1       3.6    1.4    -1      -1
HD163296  D    48      1       20.2   1.0    0.033   0.0006
HD163296  B    67.04   0.12    15.8   1.0    -1      -1
HD163296  D    86.4    0.3     16.2   0.3    0.151   0.008
HD163296  B    99.69   0.09    12.0   0.3    -1      -1
HD163296  D    145     1       13.4   1.4    0.76    0.06
HD163296  B    155     1       14.6   1.4    -1      -1
IMLup     D    117.4   0.5     15.8   0.7    0.66    0.02
IMLup     B    133.5   0.5     18.4   0.7    -1      -1
MYLup     D    8       2       -1     -1     -1      -1
MYLup     B    20      3       -1     -1     -1      -1
MYLup     D    30      3       -1     -1     -1      -1
MYLup     B    40      4       -1     -1     -1      -1
RULup     D    14      2       -1     -1     -1      -1
RULup     B    17      2       -1     -1     -1      -1
RULup     D    21      1       -1     -1     -1      -1
RULup     B    24      1       -1     -1     -1      -1
RULup     D    29.1    0.2     4.5    0.3    0.784   0.013
RULup     B    34.0    0.2     5.5    0.3    -1      -1
RULup     D    42      4       -1     -1     -1      -1
RULup     B    50      5       -1     -1     -1      -1
SR4       D    11      1       6.3    1.4    0.23    0.02
SR4       B    18      1       13.3   1.4    -1      -1
Sz114     D    38.6    0.6     4.3    0.8    0.94    0.05
Sz114     B    45.4    0.5     5.4    0.8    -1      -1
Sz129     B    10      1       17.6   1.1    -1      -1
Sz129     D    41.0    0.4     4.1    0.6    0.98    0.02
Sz129     B    46.1    0.4     3.5    0.6    -1      -1
Sz129     D    64      6       -1     -1     -1      -1
Sz129     B    69      6       -1     -1     -1      -1
WaOph6    D    79      1       6.7    1.1    0.98    0.03
WaOph6    B    87.5    0.4     3.6    1.1    -1      -1
WSB52     D    21      2       -1     -1     -1      -1
WSB52     B    25      2       -1     -1     -1      -1
TWHya     D    1       0.2     -1     -1     -1      -1
TWHya     B    3.0     0.5     2.2    0.6    -1      -1
TWHya     D    25.62   0.14    4.0    0.5    0.804   0.008
TWHya     B    29.5    0.5     -1     -1     -1      -1
TWHya     D    31.5    0.5     -1     -1     0.986   0.008
TWHya     B    33      0.5     -1     -1     -1      -1
TWHya     D    41.64   0.09    3.40   0.14   0.763   0.009
TWHya     B    44.72   0.07    2.80   0.14   -1      -1
TWHya     D    48      4       -1     -1     -1      -1
TWHya     B    52      4       -1     -1     -1      -1
HLTau     D    13.9    0.2     5.7    0.2    0.41    0.03
HLTau     B    21.4    0.1     12.9   0.2    -1      -1
HLTau     D    33.9    0.1     4.9    0.1    0.67    0.02
HLTau     B    40.0    0.1     6.4    0.1    -1      -1
HLTau     D    44      1       3.2    1.4    0.92    0.02
HLTau     B    49      1       4.2    1.4    -1      -1
HLTau     D    53      3       -1     -1     -1      -1
HLTau     B    58      3       -1     -1     -1      -1
HLTau     D    67.4    0.1     4.4    0.1    0.84    0.03
HLTau     B    72.2    0.1     5.1    0.1    -1      -1
HLTau     D    77.4    0.1     6.1    0.1    0.62    0.02
HLTau     B    85.4    0.1     12.0   0.1    -1      -1
HLTau     D    96      4       -1     -1     -1      -1
HLTau     B    102     4       -1     -1     -1      -1
