   5.0949585e+12    0.0114566  1.62720e-06    0.0605168
   5.1089614e+12    0.0115746  1.64397e-06    0.0610520
   5.1206167e+12    0.0116739  1.65806e-06    0.0616703
   5.1380814e+12    0.0118240  1.67938e-06    0.0626452
   5.1642264e+12    0.0120522  1.71179e-06    0.0642058
   5.2032865e+12    0.0124009  1.76132e-06    0.0666559
   5.2613252e+12    0.0129368  1.83744e-06    0.0702858
   5.3468260e+12    0.0137667  1.95531e-06    0.0752364
   5.4711640e+12    0.0150647  2.13966e-06    0.0813801
   5.6373875e+12    0.0169831  2.41214e-06    0.0881524
   5.8261464e+12    0.0194441  2.76169e-06    0.0945953
   6.0212257e+12    0.0223401  3.17300e-06    0.0999299
   6.2228370e+12    0.0257576  3.65840e-06     0.103791
   6.4311988e+12    0.0298022  4.23287e-06     0.106419
   6.6465373e+12    0.0346026  4.91467e-06     0.108131
   6.8690858e+12    0.0403160  5.72615e-06     0.109304
   7.0990862e+12    0.0471349  6.69466e-06     0.110183
   7.3367880e+12    0.0552954  7.85371e-06     0.110899
   7.5824486e+12    0.0650874  9.24449e-06     0.111324
   7.8363348e+12    0.0768674  1.09176e-05     0.111385
   8.0987220e+12    0.0910741  1.29354e-05     0.111055
   8.3698947e+12     0.108249  1.53747e-05     0.110350
   8.6501471e+12     0.129058  1.83304e-05     0.109443
   8.9397836e+12     0.154325  2.19190e-05     0.108312
   9.2391180e+12     0.185064  2.62849e-05     0.106943
   9.5484751e+12     0.222527  3.16059e-05     0.105395
   9.8681907e+12     0.268260  3.81014e-05     0.103846
   1.0198611e+13     0.324166  4.60418e-05     0.102271
   1.0540096e+13     0.392587  5.57598e-05     0.100702
   1.0893014e+13     0.476402  6.76642e-05    0.0991752
   1.1257749e+13     0.579138  8.22561e-05    0.0983096
   1.1634697e+13     0.705109  0.000100148    0.0975913
   1.2024266e+13     0.859568  0.000122086    0.0967541
   1.2426880e+13      1.04889  0.000148975    0.0958893
   1.2842974e+13      1.28075  0.000181907    0.0951006
   1.3273001e+13      1.56439  0.000222193    0.0943139
   1.3717426e+13      1.91079  0.000271393    0.0948559
   1.4176732e+13      2.33292  0.000331348    0.0957186
   1.4651417e+13      2.84596  0.000404216    0.0966698
   1.5141997e+13      3.46744  0.000492487    0.0977241
   1.5649003e+13      4.21738  0.000599001    0.0987813
   1.6172985e+13      5.11818  0.000726943     0.101366
   1.6714511e+13      6.19449  0.000879814     0.104769
   1.7274170e+13      7.47275   0.00106137     0.108595
   1.7852568e+13      8.98038   0.00127550     0.112559
   1.8450333e+13      10.7447   0.00152609     0.118328
   1.9068113e+13      12.7915   0.00181679     0.126389
   1.9706578e+13      15.1425   0.00215071     0.135246
   2.0366421e+13      17.8136   0.00253009     0.145152
   2.1048359e+13      20.8112   0.00295585     0.158555
   2.1753129e+13      24.1297   0.00342718     0.174302
   2.2481498e+13      27.7475   0.00394101     0.191088
   2.3234256e+13      31.6250   0.00449175     0.210839
   2.4012218e+13      35.7022   0.00507084     0.235353
   2.4816229e+13      39.8975   0.00566670     0.263739
   2.5647161e+13      44.1089   0.00626485     0.295979
   2.6505915e+13      48.2168   0.00684830     0.334216
   2.7393423e+13      52.0895   0.00739834     0.378735
   2.8310648e+13      55.5904   0.00789558     0.426281
   2.9258585e+13      58.5878   0.00832132     0.478045
   3.0238262e+13      60.9654   0.00865901     0.539063
   3.1250742e+13      62.6320   0.00889572     0.600008
   3.2297125e+13      63.5317   0.00902351     0.673144
   3.3378542e+13      63.6492   0.00904019     0.751516
   3.4496170e+13      63.0141   0.00894999     0.838330
   3.5651220e+13      61.6987   0.00876316     0.924531
   3.6844943e+13      59.8138   0.00849545      1.00536
   3.8078637e+13      57.5017   0.00816706      1.09042
   3.9353639e+13      54.9241   0.00780096      1.16550
   4.0671334e+13      52.2543   0.00742176      1.23227
   4.2033149e+13      49.6169   0.00704717      1.29372
   4.3440561e+13      47.0276   0.00667939      1.34878
   4.4895100e+13      44.4873   0.00631859      1.39320
   4.6398340e+13      41.9977   0.00596499      1.42565
   4.7951915e+13      39.5606   0.00561885      1.44317
   4.9557510e+13      37.1785   0.00528052      1.45474
   5.1216863e+13      34.8540   0.00495036      1.45752
   5.2931778e+13      32.5910   0.00462894      1.46548
   5.4704115e+13      30.3935   0.00431684      1.46668
   5.6535794e+13      28.2664   0.00401472      1.44786
   5.8428804e+13      26.2148   0.00372333      1.43992
   6.0385201e+13      24.2450   0.00344355      1.44349
   6.2407103e+13      22.3627   0.00317621      1.44017
   6.4496706e+13      20.5764   0.00292249      1.43925
   6.6656278e+13      18.8933   0.00268344      1.43905
   6.8888157e+13      17.3222   0.00246029      1.44599
   7.1194765e+13      15.8723   0.00225437      1.45820
   7.3578607e+13      14.5518   0.00206682      1.48146
   7.6042268e+13      13.3727   0.00189935      1.51844
   7.8588422e+13      12.3418   0.00175292      1.55760
   8.1219832e+13      11.4711   0.00162926      1.61243
   8.3939352e+13      10.7679   0.00152938      1.66580
   8.6749925e+13      10.2402   0.00145443      1.66721
   8.9654609e+13      9.89571   0.00140550      1.64428
   9.2656552e+13      9.65655   0.00137154      1.63045
   9.5759008e+13      9.43519   0.00134010      1.59381
   9.8965348e+13      9.22950   0.00131088      1.55795
   1.0227905e+14      9.03981   0.00128394      1.52240
   1.0570369e+14      8.86612   0.00125927      1.49178
   1.0924301e+14      8.70837   0.00123686      1.46954
   1.1290084e+14      8.56697   0.00121678      1.43009
   1.1668115e+14      8.44144   0.00119895      1.39650
   1.2058803e+14      8.33238   0.00118346      1.36998
   1.2462573e+14      8.23919   0.00117022      1.34691
   1.2879862e+14      8.16202   0.00115926      1.29965
   1.3311124e+14      8.10067   0.00115055      1.24434
   1.3756826e+14      8.05452   0.00114400      1.17868
   1.4217451e+14      8.02363   0.00113961      1.14789
   1.4693500e+14      8.00671   0.00113721      1.12809
   1.5185488e+14      8.00324   0.00113671      1.08450
   1.5693950e+14      8.01164   0.00113791      1.02447
   1.6219436e+14      8.03027   0.00114055     0.996940
   1.6762519e+14      8.05690   0.00114433     0.974082
   1.7323786e+14      8.08849   0.00114882     0.930413
   1.7903845e+14      8.12134   0.00115349     0.901247
   1.8503327e+14      8.15076   0.00115766     0.888023
   1.9122881e+14      8.17089   0.00116053     0.884216
   1.9763180e+14      8.17486   0.00116109     0.888004
   2.0424919e+14      8.15470   0.00115823     0.921981
   2.1108815e+14      8.10096   0.00115059     0.946416
   2.1815609e+14      8.00447   0.00113689     0.939994
   2.2546070e+14      7.85483   0.00111563     0.904265
   2.3300990e+14      7.64448   0.00108576     0.877851
   2.4081187e+14      7.36755   0.00104642     0.853867
   2.4887506e+14      7.02344  0.000997550     0.836760
   2.5720825e+14      6.61901  0.000940109     0.799257
   2.6582047e+14      6.17014  0.000876354     0.749363
   2.7472104e+14      5.70520  0.000810318     0.687415
   2.8391964e+14      5.26465  0.000747747     0.640949
   2.9342624e+14      4.89987  0.000695936     0.609216
   3.0325114e+14      4.66876  0.000663112     0.553921
   3.1340502e+14      4.62782  0.000657296     0.520180
   3.2389888e+14      4.71528  0.000669720     0.511900
   3.3474411e+14      4.81440  0.000683797     0.503657
   3.4595249e+14      4.92196  0.000699074     0.463903
   3.5753617e+14      5.03858  0.000715637     0.467880
   3.6950770e+14      5.16490  0.000733579     0.513395
   3.8188007e+14      5.30149  0.000752979     0.610154
   3.9466672e+14      5.44861  0.000773875     0.630747
   4.0788151e+14      5.60672  0.000796331     0.558096
   4.2153877e+14      5.77542  0.000820293     0.521805
   4.3565333e+14      5.95460  0.000845741     0.612060
   4.5024050e+14      6.14337  0.000872553     0.587774
   4.6531609e+14      6.34070  0.000900580     0.517166
   4.8089644e+14      6.54518  0.000929623     0.528351
   4.9699850e+14      6.75473  0.000959385     0.512441
   5.1363972e+14      6.96725  0.000989570     0.541861
   5.3083811e+14      7.17997   0.00101978     0.417314
   5.4861238e+14      7.38997   0.00104961     0.345045
   5.6698179e+14      7.59398   0.00107858     0.352383
   5.8596626e+14      7.78864   0.00110623     0.472767
   6.0558644e+14      7.96987   0.00113197     0.628658
   6.2586353e+14      8.13457   0.00115537     0.375915
   6.4681956e+14      8.27803   0.00117574     0.333711
   6.6847728e+14      8.39710   0.00119265     0.369117
   6.9086017e+14      8.48750   0.00120549     0.331287
   7.1399252e+14      8.54510   0.00121367     0.347842
   7.3789943e+14      8.56697   0.00121678     0.271820
   7.6260684e+14      8.54751   0.00121402     0.222625
   7.8814149e+14      8.48514   0.00120516     0.180368
   8.1453114e+14      8.37493   0.00118950     0.152134
   8.4180444e+14      8.21526   0.00116683     0.123807
   8.6999093e+14      8.00411   0.00113684    0.0986404
   8.9912120e+14      7.74030   0.00109937    0.0758050
   9.2922682e+14      7.42655   0.00105480    0.0587463
   9.6034049e+14      7.06447   0.00100338    0.0461630
   9.9249597e+14      6.66293  0.000946346    0.0366212
   1.0257281e+15      6.23159  0.000885083    0.0272213
   1.0600730e+15      5.78468  0.000821608    0.0240951
   1.0955678e+15      5.34110  0.000758606    0.0251545
   1.1322512e+15      4.92301  0.000699223    0.0209826
   1.1701628e+15      4.55361  0.000646756    0.0188864
   1.2093439e+15      4.25662  0.000604574    0.0203150
   1.2498368e+15      4.05332  0.000575700    0.0209663
   1.2916856e+15      3.95229  0.000561350    0.0188172
   1.3349356e+15      3.95231  0.000561354    0.0147416
   1.3796339e+15      4.04044  0.000573871   0.00724110
   1.4258287e+15      4.20334  0.000597007   0.00573718
   1.4735703e+15      4.41552  0.000627144  0.000867966
   1.5229104e+15      4.64779  0.000660134      0.00000
   1.5739027e+15      4.86814  0.000691429  0.000113247
   1.6266023e+15      5.03467  0.000715083  8.15497e-05
   1.6810665e+15      5.11842  0.000726977    0.0150369
   1.7373544e+15      5.11154  0.000726000      0.00000
   1.7955269e+15      5.01585  0.000712409   0.00182260
   1.8556472e+15      4.84028  0.000687473  2.03413e-05
   1.9177806e+15      4.60317  0.000653796  4.18191e-06
   1.9819944e+15      4.31832  0.000613337  1.88143e-07
   2.0483584e+15      4.00207  0.000568420  2.62608e-10
   2.1169444e+15      3.66534  0.000520594  1.04872e-11
   2.1878270e+15      3.31733  0.000471165  2.87598e-13
   2.2610829e+15      2.96571  0.000421225  2.56564e-15
   2.3367916e+15      2.61661  0.000371641  4.31326e-18
   2.4150353e+15      2.27611  0.000323279  4.66059e-21
   2.4958989e+15      1.94980  0.000276934  3.20028e-23
   2.5794701e+15      1.64279  0.000233328  3.76987e-23
   2.6658395e+15      1.35909  0.000193034  3.28942e-23
   2.7551010e+15      1.10313  0.000156680  2.80528e-23
   2.8473512e+15     0.876209  0.000124450  3.44472e-23
   2.9426902e+15     0.680585  9.66647e-05  2.19546e-25
